-10.000 9.161 1.000
-9.500 8.503 1.000
-9.000 8.089 1.000
-8.500 7.898 1.000
-8.000 7.854 1.000
-7.500 7.847 1.000
-7.000 7.754 1.000
-6.500 7.477 1.000
-6.000 6.960 1.000
-5.500 6.209 1.000
-5.000 5.284 1.000
-4.500 4.289 1.000
-4.000 3.346 1.000
-3.500 2.564 1.000
-3.000 2.010 1.000
-2.500 1.699 1.000
-2.000 1.584 1.000
-1.500 1.571 1.000
-1.000 1.540 1.000
-0.500 1.378 1.000
0.000 1.000 1.000
0.500 0.378 1.000
1.000 -0.460 1.000
1.500 -1.429 1.000
2.000 -2.416 1.000
2.500 -3.301 1.000
3.000 -3.990 1.000
3.500 -4.436 1.000
4.000 -4.654 1.000
4.500 -4.711 1.000
5.000 -4.716 1.000
5.500 -4.791 1.000
6.000 -5.040 1.000
6.500 -5.523 1.000
7.000 -6.246 1.000
7.500 -7.153 1.000
8.000 -8.146 1.000
8.500 -9.102 1.000
9.000 -9.911 1.000
9.500 -10.497 1.000
10.000 -10.839 1.000
