-100.000 100.862
-99.900 100.707
-99.800 100.545
-99.700 100.374
-99.600 100.197
-99.500 100.014
-99.400 99.826
-99.300 99.633
-99.200 99.438
-99.100 99.239
-99.000 99.040
-98.900 98.840
-98.800 98.641
-98.700 98.443
-98.600 98.248
-98.500 98.056
-98.400 97.869
-98.300 97.687
-98.200 97.511
-98.100 97.342
-98.000 97.181
-97.900 97.028
-97.800 96.883
-97.700 96.748
-97.600 96.622
-97.500 96.506
-97.400 96.400
-97.300 96.304
-97.200 96.218
-97.100 96.142
-97.000 96.075
-96.900 96.017
-96.800 95.969
-96.700 95.928
-96.600 95.896
-96.500 95.870
-96.400 95.851
-96.300 95.837
-96.200 95.828
-96.100 95.822
-96.000 95.820
-95.900 95.819
-95.800 95.819
-95.700 95.818
-95.600 95.817
-95.500 95.813
-95.400 95.806
-95.300 95.796
-95.200 95.780
-95.100 95.758
-95.000 95.730
-94.900 95.695
-94.800 95.651
-94.700 95.599
-94.600 95.539
-94.500 95.468
-94.400 95.388
-94.300 95.299
-94.200 95.199
-94.100 95.089
-94.000 94.969
-93.900 94.840
-93.800 94.701
-93.700 94.554
-93.600 94.397
-93.500 94.233
-93.400 94.062
-93.300 93.883
-93.200 93.699
-93.100 93.511
-93.000 93.317
-92.900 93.121
-92.800 92.923
-92.700 92.723
-92.600 92.523
-92.500 92.324
-92.400 92.127
-92.300 91.932
-92.200 91.741
-92.100 91.555
-92.000 91.374
-91.900 91.199
-91.800 91.031
-91.700 90.871
-91.600 90.719
-91.500 90.577
-91.400 90.443
-91.300 90.319
-91.200 90.204
-91.100 90.100
-91.000 90.006
-90.900 89.921
-90.800 89.847
-90.700 89.781
-90.600 89.725
-90.500 89.678
-90.400 89.639
-90.300 89.608
-90.200 89.583
-90.100 89.565
-90.000 89.552
-89.900 89.543
-89.800 89.538
-89.700 89.536
-89.600 89.535
-89.500 89.535
-89.400 89.535
-89.300 89.533
-89.200 89.529
-89.100 89.522
-89.000 89.510
-88.900 89.493
-88.800 89.471
-88.700 89.442
-88.600 89.405
-88.500 89.360
-88.400 89.307
-88.300 89.244
-88.200 89.172
-88.100 89.091
-88.000 88.999
-87.900 88.898
-87.800 88.786
-87.700 88.665
-87.600 88.534
-87.500 88.394
-87.400 88.245
-87.300 88.087
-87.200 87.922
-87.100 87.749
-87.000 87.570
-86.900 87.385
-86.800 87.195
-86.700 87.001
-86.600 86.805
-86.500 86.606
-86.400 86.406
-86.300 86.206
-86.200 86.007
-86.100 85.810
-86.000 85.616
-85.900 85.426
-85.800 85.240
-85.700 85.061
-85.600 84.887
-85.500 84.721
-85.400 84.562
-85.300 84.412
-85.200 84.270
-85.100 84.138
-85.000 84.016
-84.900 83.903
-84.800 83.800
-84.700 83.708
-84.600 83.625
-84.500 83.552
-84.400 83.488
-84.300 83.434
-84.200 83.388
-84.100 83.350
-84.000 83.320
-83.900 83.297
-83.800 83.279
-83.700 83.267
-83.600 83.259
-83.500 83.255
-83.400 83.253
-83.300 83.252
-83.200 83.252
-83.100 83.252
-83.000 83.250
-82.900 83.245
-82.800 83.237
-82.700 83.225
-82.600 83.207
-82.500 83.183
-82.400 83.153
-82.300 83.115
-82.200 83.069
-82.100 83.014
-82.000 82.950
-81.900 82.876
-81.800 82.793
-81.700 82.700
-81.600 82.597
-81.500 82.484
-81.400 82.361
-81.300 82.228
-81.200 82.086
-81.100 81.936
-81.000 81.777
-80.900 81.610
-80.800 81.436
-80.700 81.256
-80.600 81.070
-80.500 80.880
-80.400 80.685
-80.300 80.488
-80.200 80.289
-80.100 80.089
-80.000 79.890
-79.900 79.691
-79.800 79.494
-79.700 79.301
-79.600 79.111
-79.500 78.927
-79.400 78.748
-79.300 78.575
-79.200 78.410
-79.100 78.253
-79.000 78.104
-78.900 77.964
-78.800 77.834
-78.700 77.713
-78.600 77.602
-78.500 77.501
-78.400 77.410
-78.300 77.329
-78.200 77.257
-78.100 77.195
-78.000 77.142
-77.900 77.098
-77.800 77.061
-77.700 77.032
-77.600 77.010
-77.500 76.994
-77.400 76.982
-77.300 76.975
-77.200 76.971
-77.100 76.969
-77.000 76.969
-76.900 76.969
-76.800 76.968
-76.700 76.966
-76.600 76.961
-76.500 76.952
-76.400 76.939
-76.300 76.920
-76.200 76.895
-76.100 76.864
-76.000 76.824
-75.900 76.777
-75.800 76.720
-75.700 76.655
-75.600 76.580
-75.500 76.495
-75.400 76.400
-75.300 76.295
-75.200 76.180
-75.100 76.056
-75.000 75.922
-74.900 75.778
-74.800 75.626
-74.700 75.466
-74.600 75.298
-74.500 75.123
-74.400 74.942
-74.300 74.755
-74.200 74.564
-74.100 74.369
-74.000 74.172
-73.900 73.973
-73.800 73.773
-73.700 73.573
-73.600 73.375
-73.500 73.178
-73.400 72.985
-73.300 72.797
-73.200 72.613
-73.100 72.435
-73.000 72.264
-72.900 72.100
-72.800 71.944
-72.700 71.797
-72.600 71.658
-72.500 71.529
-72.400 71.410
-72.300 71.301
-72.200 71.202
-72.100 71.112
-72.000 71.033
-71.900 70.963
-71.800 70.902
-71.700 70.851
-71.600 70.808
-71.500 70.773
-71.400 70.745
-71.300 70.724
-71.200 70.708
-71.100 70.698
-71.000 70.691
-70.900 70.687
-70.800 70.686
-70.700 70.686
-70.600 70.686
-70.500 70.685
-70.400 70.682
-70.300 70.676
-70.200 70.667
-70.100 70.653
-70.000 70.633
-69.900 70.607
-69.800 70.574
-69.700 70.534
-69.600 70.485
-69.500 70.427
-69.400 70.360
-69.300 70.283
-69.200 70.196
-69.100 70.100
-69.000 69.993
-68.900 69.877
-68.800 69.751
-68.700 69.615
-68.600 69.470
-68.500 69.317
-68.400 69.155
-68.300 68.986
-68.200 68.810
-68.100 68.628
-68.000 68.440
-67.900 68.248
-67.800 68.053
-67.700 67.855
-67.600 67.656
-67.500 67.456
-67.400 67.256
-67.300 67.058
-67.200 66.863
-67.100 66.670
-67.000 66.482
-66.900 66.299
-66.800 66.123
-66.700 65.953
-66.600 65.790
-66.500 65.635
-66.400 65.490
-66.300 65.353
-66.200 65.226
-66.100 65.108
-66.000 65.000
-65.900 64.903
-65.800 64.815
-65.700 64.737
-65.600 64.669
-65.500 64.610
-65.400 64.560
-65.300 64.518
-65.200 64.484
-65.100 64.458
-65.000 64.438
-64.900 64.423
-64.800 64.413
-64.700 64.407
-64.600 64.404
-64.500 64.403
-64.400 64.403
-64.300 64.402
-64.200 64.401
-64.100 64.398
-64.000 64.392
-63.900 64.382
-63.800 64.367
-63.700 64.346
-63.600 64.319
-63.500 64.285
-63.400 64.243
-63.300 64.192
-63.200 64.133
-63.100 64.064
-63.000 63.986
-62.900 63.898
-62.800 63.799
-62.700 63.691
-62.600 63.573
-62.500 63.445
-62.400 63.308
-62.300 63.162
-62.200 63.007
-62.100 62.844
-62.000 62.674
-61.900 62.496
-61.800 62.313
-61.700 62.125
-61.600 61.932
-61.500 61.737
-61.400 61.538
-61.300 61.339
-61.200 61.139
-61.100 60.940
-61.000 60.742
-60.900 60.547
-60.800 60.355
-60.700 60.168
-60.600 59.986
-60.500 59.810
-60.400 59.641
-60.300 59.480
-60.200 59.327
-60.100 59.183
-60.000 59.048
-59.900 58.922
-59.800 58.806
-59.700 58.700
-59.600 58.604
-59.500 58.518
-59.400 58.442
-59.300 58.375
-59.200 58.318
-59.100 58.269
-59.000 58.229
-58.900 58.196
-58.800 58.171
-58.700 58.152
-58.600 58.138
-58.500 58.129
-58.400 58.123
-58.300 58.120
-58.200 58.120
-58.100 58.119
-58.000 58.119
-57.900 58.118
-57.800 58.114
-57.700 58.107
-57.600 58.096
-57.500 58.081
-57.400 58.059
-57.300 58.031
-57.200 57.995
-57.100 57.952
-57.000 57.900
-56.900 57.839
-56.800 57.769
-56.700 57.689
-56.600 57.599
-56.500 57.499
-56.400 57.389
-56.300 57.269
-56.200 57.140
-56.100 57.001
-56.000 56.853
-55.900 56.697
-55.800 56.533
-55.700 56.361
-55.600 56.183
-55.500 55.999
-55.400 55.810
-55.300 55.617
-55.200 55.420
-55.100 55.222
-55.000 55.022
-54.900 54.822
-54.800 54.623
-54.700 54.426
-54.600 54.231
-54.500 54.040
-54.400 53.854
-54.300 53.673
-54.200 53.498
-54.100 53.331
-54.000 53.171
-53.900 53.019
-53.800 52.876
-53.700 52.743
-53.600 52.619
-53.500 52.504
-53.400 52.400
-53.300 52.306
-53.200 52.221
-53.100 52.147
-53.000 52.082
-52.900 52.026
-52.800 51.979
-52.700 51.940
-52.600 51.908
-52.500 51.884
-52.400 51.866
-52.300 51.853
-52.200 51.844
-52.100 51.839
-52.000 51.837
-51.900 51.836
-51.800 51.836
-51.700 51.836
-51.600 51.834
-51.500 51.830
-51.400 51.823
-51.300 51.811
-51.200 51.794
-51.100 51.772
-51.000 51.742
-50.900 51.705
-50.800 51.661
-50.700 51.607
-50.600 51.545
-50.500 51.473
-50.400 51.391
-50.300 51.299
-50.200 51.198
-50.100 51.086
-50.000 50.965
-49.900 50.834
-49.800 50.694
-49.700 50.544
-49.600 50.387
-49.500 50.221
-49.400 50.048
-49.300 49.869
-49.200 49.684
-49.100 49.494
-49.000 49.301
-48.900 49.104
-48.800 48.905
-48.700 48.705
-48.600 48.505
-48.500 48.307
-48.400 48.110
-48.300 47.915
-48.200 47.725
-48.100 47.540
-48.000 47.360
-47.900 47.186
-47.800 47.020
-47.700 46.861
-47.600 46.711
-47.500 46.570
-47.400 46.438
-47.300 46.315
-47.200 46.203
-47.100 46.100
-47.000 46.008
-46.900 45.925
-46.800 45.852
-46.700 45.789
-46.600 45.734
-46.500 45.688
-46.400 45.651
-46.300 45.621
-46.200 45.597
-46.100 45.580
-46.000 45.568
-45.900 45.560
-45.800 45.556
-45.700 45.554
-45.600 45.553
-45.500 45.553
-45.400 45.552
-45.300 45.550
-45.200 45.546
-45.100 45.538
-45.000 45.525
-44.900 45.508
-44.800 45.484
-44.700 45.453
-44.600 45.415
-44.500 45.369
-44.400 45.314
-44.300 45.250
-44.200 45.176
-44.100 45.093
-44.000 45.000
-43.900 44.897
-43.800 44.783
-43.700 44.660
-43.600 44.528
-43.500 44.386
-43.400 44.235
-43.300 44.076
-43.200 43.909
-43.100 43.735
-43.000 43.555
-42.900 43.369
-42.800 43.179
-42.700 42.985
-42.600 42.787
-42.500 42.588
-42.400 42.388
-42.300 42.189
-42.200 41.990
-42.100 41.794
-42.000 41.600
-41.900 41.411
-41.800 41.226
-41.700 41.047
-41.600 40.875
-41.500 40.710
-41.400 40.552
-41.300 40.404
-41.200 40.264
-41.100 40.133
-41.000 40.013
-40.900 39.902
-40.800 39.801
-40.700 39.710
-40.600 39.629
-40.500 39.557
-40.400 39.496
-40.300 39.443
-40.200 39.398
-40.100 39.362
-40.000 39.333
-39.900 39.311
-39.800 39.294
-39.700 39.283
-39.600 39.276
-39.500 39.272
-39.400 39.270
-39.300 39.270
-39.200 39.270
-39.100 39.269
-39.000 39.267
-38.900 39.262
-38.800 39.253
-38.700 39.240
-38.600 39.221
-38.500 39.196
-38.400 39.164
-38.300 39.125
-38.200 39.077
-38.100 39.021
-38.000 38.955
-37.900 38.880
-37.800 38.795
-37.700 38.700
-37.600 38.595
-37.500 38.480
-37.400 38.356
-37.300 38.221
-37.200 38.078
-37.100 37.926
-37.000 37.765
-36.900 37.597
-36.800 37.422
-36.700 37.241
-36.600 37.054
-36.500 36.863
-36.400 36.668
-36.300 36.471
-36.200 36.272
-36.100 36.072
-36.000 35.872
-35.900 35.674
-35.800 35.478
-35.700 35.285
-35.600 35.096
-35.500 34.912
-35.400 34.734
-35.300 34.563
-35.200 34.399
-35.100 34.244
-35.000 34.096
-34.900 33.958
-34.800 33.829
-34.700 33.710
-34.600 33.601
-34.500 33.502
-34.400 33.412
-34.300 33.333
-34.200 33.263
-34.100 33.203
-34.000 33.151
-33.900 33.108
-33.800 33.073
-33.700 33.046
-33.600 33.024
-33.500 33.009
-33.400 32.998
-33.300 32.992
-33.200 32.988
-33.100 32.987
-33.000 32.987
-32.900 32.987
-32.800 32.986
-32.700 32.983
-32.600 32.977
-32.500 32.968
-32.400 32.954
-32.300 32.934
-32.200 32.908
-32.100 32.875
-32.000 32.834
-31.900 32.785
-31.800 32.727
-31.700 32.660
-31.600 32.583
-31.500 32.496
-31.400 32.400
-31.300 32.293
-31.200 32.177
-31.100 32.051
-31.000 31.915
-30.900 31.770
-30.800 31.616
-30.700 31.454
-30.600 31.285
-30.500 31.109
-30.400 30.927
-30.300 30.739
-30.200 30.547
-30.100 30.352
-30.000 30.154
-29.900 29.955
-29.800 29.755
-29.700 29.555
-29.600 29.357
-29.500 29.162
-29.400 28.969
-29.300 28.781
-29.200 28.599
-29.100 28.422
-29.000 28.252
-28.900 28.089
-28.800 27.935
-28.700 27.789
-28.600 27.653
-28.500 27.525
-28.400 27.408
-28.300 27.300
-28.200 27.203
-28.100 27.115
-28.000 27.037
-27.900 26.969
-27.800 26.910
-27.700 26.860
-27.600 26.819
-27.500 26.785
-27.400 26.758
-27.300 26.738
-27.200 26.724
-27.100 26.714
-27.000 26.708
-26.900 26.705
-26.800 26.704
-26.700 26.704
-26.600 26.703
-26.500 26.702
-26.400 26.699
-26.300 26.693
-26.200 26.683
-26.100 26.668
-26.000 26.647
-25.900 26.620
-25.800 26.586
-25.700 26.543
-25.600 26.493
-25.500 26.433
-25.400 26.364
-25.300 26.286
-25.200 26.198
-25.100 26.099
-25.000 25.991
-24.900 25.873
-24.800 25.745
-24.700 25.608
-24.600 25.461
-24.500 25.306
-24.400 25.143
-24.300 24.973
-24.200 24.796
-24.100 24.612
-24.000 24.424
-23.900 24.232
-23.800 24.036
-23.700 23.838
-23.600 23.638
-23.500 23.438
-23.400 23.239
-23.300 23.041
-23.200 22.846
-23.100 22.654
-23.000 22.467
-22.900 22.285
-22.800 22.110
-22.700 21.941
-22.600 21.780
-22.500 21.627
-22.400 21.482
-22.300 21.347
-22.200 21.222
-22.100 21.106
-22.000 21.000
-21.900 20.904
-21.800 20.818
-21.700 20.742
-21.600 20.676
-21.500 20.618
-21.400 20.570
-21.300 20.529
-21.200 20.497
-21.100 20.471
-21.000 20.452
-20.900 20.439
-20.800 20.429
-20.700 20.424
-20.600 20.421
-20.500 20.420
-20.400 20.420
-20.300 20.420
-20.200 20.419
-20.100 20.415
-20.000 20.408
-19.900 20.397
-19.800 20.381
-19.700 20.360
-19.600 20.331
-19.500 20.296
-19.400 20.252
-19.300 20.200
-19.200 20.139
-19.100 20.069
-19.000 19.989
-18.900 19.899
-18.800 19.799
-18.700 19.689
-18.600 19.569
-18.500 19.440
-18.400 19.301
-18.300 19.153
-18.200 18.996
-18.100 18.832
-18.000 18.660
-17.900 18.482
-17.800 18.298
-17.700 18.109
-17.600 17.916
-17.500 17.719
-17.400 17.521
-17.300 17.321
-17.200 17.121
-17.100 16.922
-17.000 16.725
-16.900 16.530
-16.800 16.339
-16.700 16.153
-16.600 15.972
-16.500 15.798
-16.400 15.630
-16.300 15.470
-16.200 15.319
-16.100 15.176
-16.000 15.042
-15.900 14.918
-15.800 14.804
-15.700 14.700
-15.600 14.606
-15.500 14.522
-15.400 14.447
-15.300 14.382
-15.200 14.326
-15.100 14.279
-15.000 14.240
-14.900 14.209
-14.800 14.185
-14.700 14.166
-14.600 14.154
-14.500 14.145
-14.400 14.140
-14.300 14.138
-14.200 14.137
-14.100 14.137
-14.000 14.137
-13.900 14.135
-13.800 14.131
-13.700 14.123
-13.600 14.112
-13.500 14.095
-13.400 14.072
-13.300 14.043
-13.200 14.006
-13.100 13.961
-13.000 13.907
-12.900 13.845
-12.800 13.773
-12.700 13.691
-12.600 13.599
-12.500 13.498
-12.400 13.386
-12.300 13.265
-12.200 13.134
-12.100 12.993
-12.000 12.844
-11.900 12.686
-11.800 12.520
-11.700 12.348
-11.600 12.168
-11.500 11.983
-11.400 11.793
-11.300 11.600
-11.200 11.403
-11.100 11.204
-11.000 11.004
-10.900 10.805
-10.800 10.606
-10.700 10.409
-10.600 10.215
-10.500 10.024
-10.400 9.839
-10.300 9.659
-10.200 9.486
-10.100 9.319
-10.000 9.161
-9.900 9.011
-9.800 8.870
-9.700 8.738
-9.600 8.615
-9.500 8.503
-9.400 8.400
-9.300 8.308
-9.200 8.225
-9.100 8.152
-9.000 8.089
-8.900 8.035
-8.800 7.989
-8.700 7.951
-8.600 7.921
-8.500 7.898
-8.400 7.881
-8.300 7.869
-8.200 7.861
-8.100 7.856
-8.000 7.854
-7.900 7.854
-7.800 7.854
-7.700 7.853
-7.600 7.851
-7.500 7.847
-7.400 7.839
-7.300 7.826
-7.200 7.808
-7.100 7.785
-7.000 7.754
-6.900 7.716
-6.800 7.669
-6.700 7.614
-6.600 7.550
-6.500 7.477
-6.400 7.393
-6.300 7.300
-6.200 7.197
-6.100 7.083
-6.000 6.960
-5.900 6.827
-5.800 6.686
-5.700 6.535
-5.600 6.376
-5.500 6.209
-5.400 6.035
-5.300 5.854
-5.200 5.669
-5.100 5.478
-5.000 5.284
-4.900 5.087
-4.800 4.887
-4.700 4.688
-4.600 4.488
-4.500 4.289
-4.400 4.093
-4.300 3.899
-4.200 3.710
-4.100 3.525
-4.000 3.346
-3.900 3.174
-3.800 3.009
-3.700 2.852
-3.600 2.703
-3.500 2.564
-3.400 2.433
-3.300 2.313
-3.200 2.202
-3.100 2.101
-3.000 2.010
-2.900 1.929
-2.800 1.858
-2.700 1.796
-2.600 1.743
-2.500 1.699
-2.400 1.663
-2.300 1.634
-2.200 1.611
-2.100 1.595
-2.000 1.584
-1.900 1.577
-1.800 1.573
-1.700 1.571
-1.600 1.571
-1.500 1.571
-1.400 1.570
-1.300 1.567
-1.200 1.562
-1.100 1.554
-1.000 1.540
-0.900 1.522
-0.800 1.497
-0.700 1.465
-0.600 1.425
-0.500 1.378
-0.400 1.321
-0.300 1.255
-0.200 1.180
-0.100 1.095
-0.000 1.000
0.100 0.895
0.200 0.780
0.300 0.655
0.400 0.521
0.500 0.378
0.600 0.225
0.700 0.065
0.800 -0.103
0.900 -0.278
1.000 -0.460
1.100 -0.646
1.200 -0.838
1.300 -1.033
1.400 -1.230
1.500 -1.429
1.600 -1.629
1.700 -1.829
1.800 -2.027
1.900 -2.223
2.000 -2.416
2.100 -2.605
2.200 -2.789
2.300 -2.966
2.400 -3.137
2.500 -3.301
2.600 -3.457
2.700 -3.604
2.800 -3.742
2.900 -3.871
3.000 -3.990
3.100 -4.099
3.200 -4.198
3.300 -4.287
3.400 -4.367
3.500 -4.436
3.600 -4.497
3.700 -4.548
3.800 -4.591
3.900 -4.626
4.000 -4.654
4.100 -4.675
4.200 -4.690
4.300 -4.701
4.400 -4.707
4.500 -4.711
4.600 -4.712
4.700 -4.712
4.800 -4.713
4.900 -4.713
5.000 -4.716
5.100 -4.722
5.200 -4.731
5.300 -4.746
5.400 -4.765
5.500 -4.791
5.600 -4.824
5.700 -4.865
5.800 -4.914
5.900 -4.973
6.000 -5.040
6.100 -5.117
6.200 -5.203
6.300 -5.300
6.400 -5.407
6.500 -5.523
6.600 -5.650
6.700 -5.786
6.800 -5.931
6.900 -6.084
7.000 -6.246
7.100 -6.415
7.200 -6.592
7.300 -6.774
7.400 -6.961
7.500 -7.153
7.600 -7.349
7.700 -7.547
7.800 -7.746
7.900 -7.946
8.000 -8.146
8.100 -8.344
8.200 -8.539
8.300 -8.731
8.400 -8.919
8.500 -9.102
8.600 -9.279
8.700 -9.449
8.800 -9.611
8.900 -9.765
9.000 -9.911
9.100 -10.048
9.200 -10.175
9.300 -10.292
9.400 -10.400
9.500 -10.497
9.600 -10.585
9.700 -10.662
9.800 -10.730
9.900 -10.789
10.000 -10.839
10.100 -10.881
10.200 -10.914
10.300 -10.941
10.400 -10.961
10.500 -10.976
10.600 -10.985
10.700 -10.991
10.800 -10.994
10.900 -10.995
11.000 -10.996
11.100 -10.996
11.200 -10.997
11.300 -11.000
11.400 -11.007
11.500 -11.017
11.600 -11.032
11.700 -11.052
11.800 -11.080
11.900 -11.114
12.000 -11.156
12.100 -11.207
12.200 -11.266
12.300 -11.335
12.400 -11.414
12.500 -11.502
12.600 -11.601
12.700 -11.709
12.800 -11.827
12.900 -11.955
13.000 -12.093
13.100 -12.239
13.200 -12.394
13.300 -12.557
13.400 -12.728
13.500 -12.905
13.600 -13.088
13.700 -13.277
13.800 -13.469
13.900 -13.665
14.000 -13.863
14.100 -14.063
14.200 -14.263
14.300 -14.462
14.400 -14.660
14.500 -14.855
14.600 -15.046
14.700 -15.234
14.800 -15.415
14.900 -15.591
15.000 -15.760
15.100 -15.921
15.200 -16.074
15.300 -16.218
15.400 -16.353
15.500 -16.478
15.600 -16.594
15.700 -16.700
15.800 -16.796
15.900 -16.882
16.000 -16.958
16.100 -17.024
16.200 -17.081
16.300 -17.130
16.400 -17.170
16.500 -17.202
16.600 -17.228
16.700 -17.247
16.800 -17.261
16.900 -17.270
17.000 -17.275
17.100 -17.278
17.200 -17.279
17.300 -17.279
17.400 -17.279
17.500 -17.281
17.600 -17.284
17.700 -17.291
17.800 -17.302
17.900 -17.318
18.000 -17.340
18.100 -17.368
18.200 -17.404
18.300 -17.447
18.400 -17.499
18.500 -17.560
18.600 -17.631
18.700 -17.711
18.800 -17.801
18.900 -17.901
19.000 -18.011
19.100 -18.131
19.200 -18.261
19.300 -18.400
19.400 -18.548
19.500 -18.704
19.600 -18.869
19.700 -19.040
19.800 -19.219
19.900 -19.403
20.000 -19.592
20.100 -19.785
20.200 -19.981
20.300 -20.180
20.400 -20.380
20.500 -20.580
20.600 -20.779
20.700 -20.976
20.800 -21.171
20.900 -21.361
21.000 -21.548
21.100 -21.729
21.200 -21.903
21.300 -22.071
21.400 -22.230
21.500 -22.382
21.600 -22.524
21.700 -22.658
21.800 -22.782
21.900 -22.896
22.000 -23.000
22.100 -23.094
22.200 -23.178
22.300 -23.253
22.400 -23.318
22.500 -23.373
22.600 -23.420
22.700 -23.459
22.800 -23.490
22.900 -23.515
23.000 -23.533
23.100 -23.546
23.200 -23.554
23.300 -23.559
23.400 -23.561
23.500 -23.562
23.600 -23.562
23.700 -23.562
23.800 -23.564
23.900 -23.568
24.000 -23.576
24.100 -23.588
24.200 -23.604
24.300 -23.627
24.400 -23.657
24.500 -23.694
24.600 -23.739
24.700 -23.792
24.800 -23.855
24.900 -23.927
25.000 -24.009
25.100 -24.101
25.200 -24.202
25.300 -24.314
25.400 -24.436
25.500 -24.567
25.600 -24.707
25.700 -24.857
25.800 -25.014
25.900 -25.180
26.000 -25.353
26.100 -25.532
26.200 -25.717
26.300 -25.907
26.400 -26.101
26.500 -26.298
26.600 -26.497
26.700 -26.696
26.800 -26.896
26.900 -27.095
27.000 -27.292
27.100 -27.486
27.200 -27.676
27.300 -27.862
27.400 -28.042
27.500 -28.215
27.600 -28.381
27.700 -28.540
27.800 -28.690
27.900 -28.831
28.000 -28.963
28.100 -29.085
28.200 -29.197
28.300 -29.300
28.400 -29.392
28.500 -29.475
28.600 -29.547
28.700 -29.611
28.800 -29.665
28.900 -29.711
29.000 -29.748
29.100 -29.778
29.200 -29.801
29.300 -29.819
29.400 -29.831
29.500 -29.838
29.600 -29.843
29.700 -29.845
29.800 -29.845
29.900 -29.845
30.000 -29.846
30.100 -29.848
30.200 -29.853
30.300 -29.861
30.400 -29.873
30.500 -29.891
30.600 -29.915
30.700 -29.946
30.800 -29.984
30.900 -30.030
31.000 -30.085
31.100 -30.149
31.200 -30.223
31.300 -30.307
31.400 -30.400
31.500 -30.504
31.600 -30.617
31.700 -30.740
31.800 -30.873
31.900 -31.015
32.000 -31.166
32.100 -31.325
32.200 -31.492
32.300 -31.666
32.400 -31.846
32.500 -32.032
32.600 -32.223
32.700 -32.417
32.800 -32.614
32.900 -32.813
33.000 -33.013
33.100 -33.213
33.200 -33.412
33.300 -33.608
33.400 -33.802
33.500 -33.991
33.600 -34.176
33.700 -34.354
33.800 -34.527
33.900 -34.692
34.000 -34.849
34.100 -34.997
34.200 -35.137
34.300 -35.267
34.400 -35.388
34.500 -35.498
34.600 -35.599
34.700 -35.690
34.800 -35.771
34.900 -35.842
35.000 -35.904
35.100 -35.956
35.200 -36.001
35.300 -36.037
35.400 -36.066
35.500 -36.088
35.600 -36.104
35.700 -36.115
35.800 -36.122
35.900 -36.126
36.000 -36.128
36.100 -36.128
36.200 -36.128
36.300 -36.129
36.400 -36.132
36.500 -36.137
36.600 -36.146
36.700 -36.159
36.800 -36.178
36.900 -36.203
37.000 -36.235
37.100 -36.274
37.200 -36.322
37.300 -36.379
37.400 -36.444
37.500 -36.520
37.600 -36.605
37.700 -36.700
37.800 -36.805
37.900 -36.920
38.000 -37.045
38.100 -37.179
38.200 -37.323
38.300 -37.475
38.400 -37.636
38.500 -37.804
38.600 -37.979
38.700 -38.160
38.800 -38.347
38.900 -38.538
39.000 -38.733
39.100 -38.931
39.200 -39.130
39.300 -39.330
39.400 -39.530
39.500 -39.728
39.600 -39.924
39.700 -40.117
39.800 -40.306
39.900 -40.489
40.000 -40.667
40.100 -40.838
40.200 -41.002
40.300 -41.157
40.400 -41.304
40.500 -41.443
40.600 -41.571
40.700 -41.690
40.800 -41.799
40.900 -41.898
41.000 -41.987
41.100 -42.067
41.200 -42.136
41.300 -42.196
41.400 -42.248
41.500 -42.290
41.600 -42.325
41.700 -42.353
41.800 -42.374
41.900 -42.389
42.000 -42.400
42.100 -42.406
42.200 -42.410
42.300 -42.411
42.400 -42.412
42.500 -42.412
42.600 -42.413
42.700 -42.415
42.800 -42.421
42.900 -42.431
43.000 -42.445
43.100 -42.465
43.200 -42.491
43.300 -42.524
43.400 -42.565
43.500 -42.614
43.600 -42.672
43.700 -42.740
43.800 -42.817
43.900 -42.903
44.000 -43.000
44.100 -43.107
44.200 -43.224
44.300 -43.350
44.400 -43.486
44.500 -43.631
44.600 -43.785
44.700 -43.947
44.800 -44.116
44.900 -44.292
45.000 -44.475
45.100 -44.662
45.200 -44.854
45.300 -45.050
45.400 -45.248
45.500 -45.447
45.600 -45.647
45.700 -45.846
45.800 -46.044
45.900 -46.240
46.000 -46.432
46.100 -46.620
46.200 -46.803
46.300 -46.979
46.400 -47.149
46.500 -47.312
46.600 -47.466
46.700 -47.611
46.800 -47.748
46.900 -47.875
47.000 -47.992
47.100 -48.100
47.200 -48.197
47.300 -48.285
47.400 -48.362
47.500 -48.430
47.600 -48.489
47.700 -48.539
47.800 -48.580
47.900 -48.614
48.000 -48.640
48.100 -48.660
48.200 -48.675
48.300 -48.685
48.400 -48.690
48.500 -48.693
48.600 -48.695
48.700 -48.695
48.800 -48.695
48.900 -48.696
49.000 -48.699
49.100 -48.706
49.200 -48.716
49.300 -48.731
49.400 -48.752
49.500 -48.779
49.600 -48.813
49.700 -48.856
49.800 -48.906
49.900 -48.966
50.000 -49.035
50.100 -49.114
50.200 -49.202
50.300 -49.301
50.400 -49.409
50.500 -49.527
50.600 -49.655
50.700 -49.793
50.800 -49.939
50.900 -50.095
51.000 -50.258
51.100 -50.428
51.200 -50.606
51.300 -50.789
51.400 -50.977
51.500 -51.170
51.600 -51.366
51.700 -51.564
51.800 -51.764
51.900 -51.964
52.000 -52.163
52.100 -52.361
52.200 -52.556
52.300 -52.747
52.400 -52.934
52.500 -53.116
52.600 -53.292
52.700 -53.460
52.800 -53.621
52.900 -53.774
53.000 -53.918
53.100 -54.053
53.200 -54.179
53.300 -54.294
53.400 -54.400
53.500 -54.496
53.600 -54.581
53.700 -54.657
53.800 -54.724
53.900 -54.781
54.000 -54.829
54.100 -54.869
54.200 -54.902
54.300 -54.927
54.400 -54.946
54.500 -54.960
54.600 -54.969
54.700 -54.974
54.800 -54.977
54.900 -54.978
55.000 -54.978
55.100 -54.978
55.200 -54.980
55.300 -54.983
55.400 -54.990
55.500 -55.001
55.600 -55.017
55.700 -55.039
55.800 -55.067
55.900 -55.103
56.000 -55.147
56.100 -55.199
56.200 -55.260
56.300 -55.331
56.400 -55.411
56.500 -55.501
56.600 -55.601
56.700 -55.711
56.800 -55.831
56.900 -55.961
57.000 -56.100
57.100 -56.248
57.200 -56.405
57.300 -56.569
57.400 -56.741
57.500 -56.919
57.600 -57.104
57.700 -57.293
57.800 -57.486
57.900 -57.682
58.000 -57.881
58.100 -58.081
58.200 -58.280
58.300 -58.480
58.400 -58.677
58.500 -58.871
58.600 -59.062
58.700 -59.248
58.800 -59.429
58.900 -59.604
59.000 -59.771
59.100 -59.931
59.200 -60.082
59.300 -60.225
59.400 -60.358
59.500 -60.482
59.600 -60.596
59.700 -60.700
59.800 -60.794
59.900 -60.878
60.000 -60.952
60.100 -61.017
60.200 -61.073
60.300 -61.120
60.400 -61.159
60.500 -61.190
60.600 -61.214
60.700 -61.232
60.800 -61.245
60.900 -61.253
61.000 -61.258
61.100 -61.260
61.200 -61.261
61.300 -61.261
61.400 -61.262
61.500 -61.263
61.600 -61.268
61.700 -61.275
61.800 -61.287
61.900 -61.304
62.000 -61.326
62.100 -61.356
62.200 -61.393
62.300 -61.438
62.400 -61.492
62.500 -61.555
62.600 -61.627
62.700 -61.709
62.800 -61.801
62.900 -61.902
63.000 -62.014
63.100 -62.136
63.200 -62.267
63.300 -62.408
63.400 -62.557
63.500 -62.715
63.600 -62.881
63.700 -63.054
63.800 -63.233
63.900 -63.418
64.000 -63.608
64.100 -63.802
64.200 -63.999
64.300 -64.198
64.400 -64.397
64.500 -64.597
64.600 -64.796
64.700 -64.993
64.800 -65.187
64.900 -65.377
65.000 -65.562
65.100 -65.742
65.200 -65.916
65.300 -66.082
65.400 -66.240
65.500 -66.390
65.600 -66.531
65.700 -66.663
65.800 -66.785
65.900 -66.897
66.000 -67.000
66.100 -67.092
66.200 -67.174
66.300 -67.247
66.400 -67.310
66.500 -67.365
66.600 -67.410
66.700 -67.447
66.800 -67.477
66.900 -67.501
67.000 -67.518
67.100 -67.530
67.200 -67.537
67.300 -67.542
67.400 -67.544
67.500 -67.544
67.600 -67.544
67.700 -67.545
67.800 -67.547
67.900 -67.552
68.000 -67.560
68.100 -67.572
68.200 -67.590
68.300 -67.614
68.400 -67.645
68.500 -67.683
68.600 -67.730
68.700 -67.785
68.800 -67.849
68.900 -67.923
69.000 -68.007
69.100 -68.100
69.200 -68.204
69.300 -68.317
69.400 -68.440
69.500 -68.573
69.600 -68.715
69.700 -68.866
69.800 -69.026
69.900 -69.193
70.000 -69.367
70.100 -69.547
70.200 -69.733
70.300 -69.924
70.400 -70.118
70.500 -70.315
70.600 -70.514
70.700 -70.714
70.800 -70.914
70.900 -71.113
71.000 -71.309
71.100 -71.502
71.200 -71.692
71.300 -71.876
71.400 -72.055
71.500 -72.227
71.600 -72.392
71.700 -72.549
71.800 -72.698
71.900 -72.837
72.000 -72.967
72.100 -73.088
72.200 -73.198
72.300 -73.299
72.400 -73.390
72.500 -73.471
72.600 -73.542
72.700 -73.603
72.800 -73.656
72.900 -73.700
73.000 -73.736
73.100 -73.765
73.200 -73.787
73.300 -73.803
73.400 -73.815
73.500 -73.822
73.600 -73.825
73.700 -73.827
73.800 -73.827
73.900 -73.827
74.000 -73.828
74.100 -73.831
74.200 -73.836
74.300 -73.845
74.400 -73.858
74.500 -73.877
74.600 -73.902
74.700 -73.934
74.800 -73.974
74.900 -74.022
75.000 -74.078
75.100 -74.144
75.200 -74.220
75.300 -74.305
75.400 -74.400
75.500 -74.505
75.600 -74.620
75.700 -74.745
75.800 -74.880
75.900 -75.023
76.000 -75.176
76.100 -75.336
76.200 -75.505
76.300 -75.680
76.400 -75.861
76.500 -76.048
76.600 -76.239
76.700 -76.434
76.800 -76.632
76.900 -76.831
77.000 -77.031
77.100 -77.231
77.200 -77.429
77.300 -77.625
77.400 -77.818
77.500 -78.006
77.600 -78.190
77.700 -78.368
77.800 -78.539
77.900 -78.702
78.000 -78.858
78.100 -79.005
78.200 -79.143
78.300 -79.271
78.400 -79.390
78.500 -79.499
78.600 -79.598
78.700 -79.687
78.800 -79.766
78.900 -79.836
79.000 -79.896
79.100 -79.947
79.200 -79.990
79.300 -80.025
79.400 -80.052
79.500 -80.073
79.600 -80.089
79.700 -80.099
79.800 -80.106
79.900 -80.109
80.000 -80.110
80.100 -80.111
80.200 -80.111
80.300 -80.112
80.400 -80.115
80.500 -80.120
80.600 -80.130
80.700 -80.144
80.800 -80.164
80.900 -80.190
81.000 -80.223
81.100 -80.264
81.200 -80.314
81.300 -80.372
81.400 -80.439
81.500 -80.516
81.600 -80.603
81.700 -80.700
81.800 -80.807
81.900 -80.924
82.000 -81.050
82.100 -81.186
82.200 -81.331
82.300 -81.485
82.400 -81.647
82.500 -81.817
82.600 -81.993
82.700 -82.175
82.800 -82.363
82.900 -82.555
83.000 -82.750
83.100 -82.948
83.200 -83.148
83.300 -83.348
83.400 -83.547
83.500 -83.745
83.600 -83.941
83.700 -84.133
83.800 -84.321
83.900 -84.503
84.000 -84.680
84.100 -84.850
84.200 -85.012
84.300 -85.166
84.400 -85.312
84.500 -85.448
84.600 -85.575
84.700 -85.692
84.800 -85.800
84.900 -85.897
85.000 -85.984
85.100 -86.062
85.200 -86.130
85.300 -86.188
85.400 -86.238
85.500 -86.279
85.600 -86.313
85.700 -86.339
85.800 -86.360
85.900 -86.374
86.000 -86.384
86.100 -86.390
86.200 -86.393
86.300 -86.394
86.400 -86.394
86.500 -86.394
86.600 -86.395
86.700 -86.399
86.800 -86.405
86.900 -86.415
87.000 -86.430
87.100 -86.451
87.200 -86.478
87.300 -86.513
87.400 -86.555
87.500 -86.606
87.600 -86.666
87.700 -86.735
87.800 -86.814
87.900 -86.902
88.000 -87.001
88.100 -87.109
88.200 -87.228
88.300 -87.356
88.400 -87.493
88.500 -87.640
88.600 -87.795
88.700 -87.958
88.800 -88.129
88.900 -88.307
89.000 -88.490
89.100 -88.678
89.200 -88.871
89.300 -89.067
89.400 -89.265
89.500 -89.465
89.600 -89.665
89.700 -89.864
89.800 -90.062
89.900 -90.257
90.000 -90.448
90.100 -90.635
90.200 -90.817
90.300 -90.992
90.400 -91.161
90.500 -91.322
90.600 -91.475
90.700 -91.619
90.800 -91.753
90.900 -91.879
91.000 -91.994
91.100 -92.100
91.200 -92.196
91.300 -92.281
91.400 -92.357
91.500 -92.423
91.600 -92.481
91.700 -92.529
91.800 -92.569
91.900 -92.601
92.000 -92.626
92.100 -92.645
92.200 -92.659
92.300 -92.668
92.400 -92.673
92.500 -92.676
92.600 -92.677
92.700 -92.677
92.800 -92.677
92.900 -92.679
93.000 -92.683
93.100 -92.689
93.200 -92.701
93.300 -92.717
93.400 -92.738
93.500 -92.767
93.600 -92.803
93.700 -92.846
93.800 -92.899
93.900 -92.960
94.000 -93.031
94.100 -93.111
94.200 -93.201
94.300 -93.301
94.400 -93.412
94.500 -93.532
94.600 -93.661
94.700 -93.801
94.800 -93.949
94.900 -94.105
95.000 -94.270
95.100 -94.442
95.200 -94.620
95.300 -94.804
95.400 -94.994
95.500 -95.187
95.600 -95.383
95.700 -95.582
95.800 -95.781
95.900 -95.981
96.000 -96.180
96.100 -96.378
96.200 -96.572
96.300 -96.763
96.400 -96.949
96.500 -97.130
96.600 -97.304
96.700 -97.472
96.800 -97.631
96.900 -97.783
97.000 -97.925
97.100 -98.058
97.200 -98.182
97.300 -98.296
97.400 -98.400
97.500 -98.494
97.600 -98.578
97.700 -98.652
97.800 -98.717
97.900 -98.772
98.000 -98.819
98.100 -98.858
98.200 -98.889
98.300 -98.913
98.400 -98.931
98.500 -98.944
98.600 -98.952
98.700 -98.957
98.800 -98.959
98.900 -98.960
99.000 -98.960
99.100 -98.961
99.200 -98.962
99.300 -98.967
99.400 -98.974
99.500 -98.986
99.600 -99.003
99.700 -99.026
99.800 -99.055
99.900 -99.093
100.000 -99.138
