-10.000 -2.256
-9.900 -3.388
-9.800 -3.791
-9.700 -3.276
-9.600 -2.202
-9.500 -1.255
-9.400 -1.028
-9.300 -1.664
-9.200 -2.765
-9.100 -3.635
-9.000 -3.707
-8.900 -2.886
-8.800 -1.611
-8.700 -0.593
-8.600 -0.386
-8.500 -1.058
-8.400 -2.146
-8.300 -2.946
-8.200 -2.936
-8.100 -2.095
-8.000 -0.915
-7.900 -0.101
-7.800 -0.138
-7.700 -0.998
-7.600 -2.151
-7.500 -2.887
-7.400 -2.739
-7.300 -1.770
-7.200 -0.530
-7.100 0.274
-7.000 0.208
-6.900 -0.627
-6.800 -1.662
-6.700 -2.208
-6.600 -1.874
-6.500 -0.813
-6.400 0.371
-6.300 0.986
-6.200 0.670
-6.100 -0.392
-6.000 -1.575
-5.900 -2.198
-5.800 -1.929
-5.700 -0.989
-5.600 -0.008
-5.500 0.356
-5.400 -0.180
-5.300 -1.347
-5.200 -2.485
-5.100 -2.945
-5.000 -2.478
-4.900 -1.389
-4.800 -0.353
-4.700 -0.007
-4.600 -0.568
-4.500 -1.701
-4.400 -2.730
-4.300 -3.046
-4.200 -2.481
-4.100 -1.411
-4.000 -0.528
-3.900 -0.417
-3.800 -1.205
-3.700 -2.474
-3.600 -3.519
-3.500 -3.765
-3.400 -3.118
-3.300 -2.015
-3.200 -1.156
-3.100 -1.080
-3.000 -1.834
-2.900 -2.947
-2.800 -3.713
-2.700 -3.626
-2.600 -2.685
-2.500 -1.402
-2.400 -0.492
-2.300 -0.445
-2.200 -1.230
-2.100 -2.320
-2.000 -3.009
-1.900 -2.844
-1.800 -1.901
-1.700 -0.735
-1.600 -0.041
-1.500 -0.234
-1.400 -1.191
-1.300 -2.322
-1.200 -2.929
-1.100 -2.623
-1.000 -1.561
-0.900 -0.347
-0.800 0.328
-0.700 0.111
-0.600 -0.807
-0.500 -1.805
-0.400 -2.216
-0.300 -1.734
-0.200 -0.602
-0.100 0.530
-0.000 1.000
0.100 0.530
0.200 -0.602
0.300 -1.734
0.400 -2.216
0.500 -1.805
0.600 -0.807
0.700 0.111
0.800 0.328
0.900 -0.347
1.000 -1.561
1.100 -2.623
1.200 -2.929
1.300 -2.322
1.400 -1.191
1.500 -0.234
1.600 -0.041
1.700 -0.735
1.800 -1.901
1.900 -2.844
2.000 -3.009
2.100 -2.320
2.200 -1.230
2.300 -0.445
2.400 -0.492
2.500 -1.402
2.600 -2.685
2.700 -3.626
2.800 -3.713
2.900 -2.947
3.000 -1.834
3.100 -1.080
3.200 -1.156
3.300 -2.015
3.400 -3.118
3.500 -3.765
3.600 -3.519
3.700 -2.474
3.800 -1.205
3.900 -0.417
4.000 -0.528
4.100 -1.411
4.200 -2.481
4.300 -3.046
4.400 -2.730
4.500 -1.701
4.600 -0.568
4.700 -0.007
4.800 -0.353
4.900 -1.389
5.000 -2.478
5.100 -2.945
5.200 -2.485
5.300 -1.347
5.400 -0.180
5.500 0.356
5.600 -0.008
5.700 -0.989
5.800 -1.929
5.900 -2.198
6.000 -1.575
6.100 -0.392
6.200 0.670
6.300 0.986
6.400 0.371
6.500 -0.813
6.600 -1.874
6.700 -2.208
6.800 -1.662
6.900 -0.627
7.000 0.208
7.100 0.274
7.200 -0.530
7.300 -1.770
7.400 -2.739
7.500 -2.887
7.600 -2.151
7.700 -0.998
7.800 -0.138
7.900 -0.101
8.000 -0.915
8.100 -2.095
8.200 -2.936
8.300 -2.946
8.400 -2.146
8.500 -1.058
8.600 -0.386
8.700 -0.593
8.800 -1.611
8.900 -2.886
9.000 -3.707
9.100 -3.635
9.200 -2.765
9.300 -1.664
9.400 -1.028
9.500 -1.255
9.600 -2.202
9.700 -3.276
9.800 -3.791
9.900 -3.388
10.000 -2.256
